
-4 0
0 4
4 0

-1 1
1 1
1 -1

-5 0
1 0
-2 -3

1 2
2 4
4 8

0 0
0 0
0 0

0 2
2 2
2 0

0 2
0 0
2 0

132 272
55 130
954 41

358 38
854 886
221 129

870 563
576 796
303 837

343 36
287 999
673 693

445 925
505 839
635 469

149 580
39 649
730 761

162 51
12 993
597 102

349 209
805 391
217 471

505 995
105 47
706 874

312 920
849 731
534 695

16 394
21 618
666 694

460 759
869 10
667 722

657 154
661 181
621 16

652 360
582 450
22 117

795 212
430 661
870 360

747 17
288 422
660 322

177 830
435 644
784 526

479 567
915 450
104 983

456 555
94 571
981 366

465 284
357 633
132 726

216 505
9 697
131 791

434 334
338 300
749 225

911 951
238 567
332 319

646 975
535 603
946 802

599 443
72 912
478 978

909 677
311 523
848 615

95 724
934 469
776 668

688 738
85 404
431 626

779 570
114 140
288 318

420 572
175 536
160 949

199 463
821 114
239 121

418 969
828 648
719 68

502 548
260 220
782 50

554 929
108 291
295 533

704 759
425 698
934 522

377 438
438 82
941 220

959 286
723 838
563 652

320 605
674 608
980 158

157 621
677 601
495 912

277 966
944 474
680 22

470 422
608 273
164 248

39 549
751 464
83 9

854 200
493 533
613 813

897 358
350 190
255 634

5 502
44 965
200 334

97 387
899 763
138 211

821 701
524 62
926 991

859 47
561 94
716 393

73 910
880 88
25 197

197 37
430 333
322 964

809 623
409 868
242 201

55 126
998 649
629 427

776 774
415 614
84 683

939 161
756 178
151 458

177 723
172 264
365 684

674 746
609 371
37 244

70 388
910 522
352 175

852 549
781 223
347 40

854 326
590 857
76 423

66 55
173 11
178 873

537 889
842 146
552 948

227 734
399 90
620 289

788 883
643 363
59 430

946 151
58 109
824 388

179 213
145 827
54 250

354 439
384 653
344 996

561 890
417 965
822 555

630 716
869 796
346 880

78 599
918 331
635 798

22 660
210 378
357 213

79 589
42 724
888 602

321 314
646 999
869 206

910 128
316 743
501 508

382 467
601 729
357 850

504 55
544 926
827 751

652 536
528 414
103 89

645 90
627 763
259 667

541 846
850 128
647 477

848 581
690 394
894 543

966 431
52 907
728 388

966 160
742 626
745 878

478 161
206 255
173 335

908 473
215 115
336 957

86 946
508 199
417 623

182 669
518 75
873 442

144 52
863 674
133 710

437 667
2 748
646 323

531 306
12 15
875 69

713 470
756 108
938 62

855 847
350 70
587 131

745 787
93 831
319 93

412 544
225 32
472 998

399 164
767 427
22 999

325 813
363 599
837 116

120 538
629 779
900 729

508 615
873 310
358 890

214 695
771 800
440 60

951 824
333 102
541 373

770 570
75 979
355 214

229 816
492 61
135 694
