0.0000000000 -0.0000000000
0.0000000000 -0.0000000000
-2.0000000000 -0.0000000000
Impossible
Impossible
1.0000000000 1.0000000000
1.0000000000 1.0000000000
494.4123937819 -16.3961571916
559.1242808966 489.4178734378
347.8295509650 206.1089613035
214.9716483070 511.6831903481
-279.7241379309 355.4482758621
336.5062667711 1001.1041934032
322.8655886158 559.5582147477
514.4866477114 456.6268606790
346.1299362204 503.6455965315
654.5859294762 1035.9981170832
362.0780707842 498.3308466343
482.0600671860 284.8765920949
-119.1785714286 282.7857142857
352.2142857143 199.0555555555
582.9370146531 412.4677290610
395.9845360825 81.7824742268
974.3346388164 1664.0448215840
920.7249220006 1342.2099657457
207.7641707488 -958.2106368088
115.3353703947 367.0049283743
149.4699174479 640.8581922485
496.5072258430 4.9795976197
671.2661083744 589.4073152709
716.8761381620 751.2909910323
321.1131902876 661.3340112613
503.0172314139 1015.4265948991
394.9808914432 203.2586977287
1424.7615014755 -1303.4661239214
1089.7227324914 -639.7514351320
269.2589776358 746.1958466454
532.5398613431 328.6713288121
334.8349878478 440.4387695252
559.2595264556 252.4792518224
-3715.1170212813 3438.4767891718
624.9200840892 452.1524022806
648.2765059791 301.2566484964
850.8446178980 566.2089308404
500.7740141557 161.1663296259
418.8335652834 658.6726973684
427.8436940738 472.3744795675
388.9275493492 208.5067235583
370.8546777328 304.2474181856
841.9832671582 549.1500283607
563.9359033799 467.9378622097
350.6468446978 706.0275875956
577.1910735272 406.0871250830
-4558.0011820052 2812.5780141717
729.8189745505 196.1607322564
501.0170701004 523.0696783102
-158.9968071020 556.9316082932
459.2511496027 501.0120809840
-3927.3921694514 8418.1315789537
366.6304883843 1210.3868355829
963.7043706507 1420.4058722988
227.3168164002 492.9246534161
252.2923828456 625.9626536401
464.2011600864 616.7240711003
420.3036049218 472.2881719342
476.8597274909 469.6223503910
287.4199601964 441.3508122958
1237.2903912146 742.3668496911
309.8958493815 411.1709411392
387.4791317666 714.4673574882
504.6621625383 73.7142777623
202.5608276373 522.2460393154
-717.7510344828 698.3482758621
171.0316588174 317.0007849294
644.6430970993 1069.2599974158
470.6025736642 379.1274696937
1778.1621621628 1627.1081081087
480.6692860268 771.6575080222
656.9260865328 574.2175501852
2578.0101685067 2333.4122603139
415.5267508598 661.5043571057
471.7883787718 492.8977782424
-1409.5324675326 2507.3116883119
519.0766664528 423.3727785976
2118.6883786563 1099.4863635165
792.8263042585 467.3686841024
725.1340716954 1084.0137427092
1580.1281506069 742.0401410643
402.4188551828 382.8290277629
449.3935407673 511.0105481795
-265.4263458644 254.7705248263
493.9718835844 453.4386412195
482.9469813145 386.7582322104
133.8082487510 247.3035581075
456.7598394492 -169.9118786053
903.6383907614 309.0910243170
330.9269876878 635.0049822621
399.5834238761 521.2816447100
-1823.8142973181 1070.4468234346
337.5935779997 638.8823699472
1090.1215786813 838.4888784574
642.4621753837 92.5549905797
1351.4496567508 1253.4725400460
547.4577664437 455.9621341988
4971.4336492851 -3242.8033175323
345.9561973367 644.4316800710
520.4583721471 494.2205985095
