525 280
148 293
830 53

275 292
523 427
628 35

280 454
980 216
491 293

843 6
534 851
283 275

567 360
925 808
259 219

805 114
373 75
934 968

278 751
759 709
284 125

261 702
130 472
75 63

110 90
843 926
77 281

1 66
20 855
340 662

974 382
954 318
795 372

669 292
728 352
639 976

737 662
534 326
313 340

722 910
827 144
854 590

521 130
549 745
945 675

229 52
928 53
706 554

253 900
840 668
771 996

415 290
64 784
422 952

705 983
68 220
777 434

218 187
627 82
379 954

714 585
43 451
48 615

960 827
944 337
864 881

700 902
314 719
418 45

528 866
342 57
535 594

4 440
554 73
983 542

211 314
249 363
111 504

955 476
331 535
954 725

586 981
572 957
179 722

890 542
383 777
304 853

516 598
244 183
867 271

695 830
553 572
620 166

559 841
466 585
487 943

675 138
12 399
529 530

622 935
735 890
2 252

840 415
344 869
959 522

914 212
331 635
467 6

887 128
486 139
356 189

724 888
462 606
305 322

362 554
414 192
848 458

682 403
748 947
493 440

624 697
817 744
112 715

597 79
205 222
398 427

357 850
807 754
547 278

15 312
332 849
136 810

482 850
52 818
7 434

36 347
267 122
933 364

356 845
432 343
174 366

880 650
416 704
49 682

198 846
579 183
235 696

68 113
228 634
383 748

660 543
361 456
252 433

958 728
166 18
833 588

432 776
521 473
198 979

647 39
133 208
50 117

721 664
342 213
236 326

130 541
936 753
116 561

314 775
303 391
378 900

797 253
506 575
94 347

844 751
257 134
177 396

94 41
858 685
329 34

687 623
741 326
634 743

431 726
846 350
698 807

750 519
483 72
911 650

984 815
972 966
842 179

176 733
225 246
953 377

292 598
516 879
703 949

755 33
363 870
438 215

63 572
404 227
481 982

500 757
860 69
933 689

736 513
159 264
297 261

618 625
277 544
392 839

850 155
379 872
615 612

659 318
621 929
522 896

332 271
59 878
603 768

317 632
995 58
746 417

239 975
90 397
262 915

934 623
909 25
796 369

486 362
95 796
256 504

284 363
297 991
161 827

489 87
711 905
966 44

810 925
49 6
793 828

547 177
187 955
305 662

885 890
83 660
638 517

138 315
65 138
379 599

258 107
606 35
694 34

130 971
390 992
33 329

157 540
407 509
352 645

212 118
745 687
780 766

14 881
580 9
871 351

596 871
35 19
538 11

103 225
180 821
853 717

289 141
693 219
981 321

748 319
855 590
574 795

922 504
579 853
153 367

37 952
496 47
6 11

289 612
531 871
355 530

300 759
452 990
296 440

419 38
44 403
60 843

800 159
785 351
347 264

51 43
170 158
932 243

